1648708431 78860
1648708471 78860
1648710256 78862
1648711435 78863
1648712297 78863
1648807038 78863
1648807057 78863
1648814721 78832
1649664079 78812
1649664083 89419
1649664600 89419
1649664631 89419
1649843735 90077
1649843806 95856
1649844073 95855
1649845873 95863
1649845906 95863
1649904233 95931
1649904706 96859
1649906358 96878
1649906442 96879
1649920000 98446
1650004588 113502
1650272131 152372
1650273091 152372
1650354002 152396
1650354006 152395
1651822988 152401
1651822992 155013
1651909380 155013
1651917656 157554
1651971740 160095
1651975413 160121
1651991000 160142
1652002613 163756
1652002705 163758
1653891954 163758
1653891958 171503
1654486027 171507
1654486686 171507
1654486773 171507
1654486813 171507
1659513439 171534
1659513442 174835
1660120959 175260
1660120987 175260
1660126639 175260
1661766824 181618
1661839793 185324
1661840388 185329
1661847928 185451
1664335438 185451
1664335442 185452
1666571157 185457
1666604338 185457
1666683798 185459
1668586615 185462
1668649732 187933
1672888928 192939
1672888939 192939
1675321279 195465
1675321285 195468
1675748945 195482
1675748948 170193
1683626510 175027
1683626574 175820
1683639434 182241
1683691387 183957
1683691423 183957
